-4.83291 0.556658 272.059
-2.52113 7.64672 12.344
6.21738 5.15183 36.0111
6.30619 0.779138 19.703
5.62456 2.57683 19.6724
5.90884 14.8801 208.657
3.96054 7.55928 37.5043
0.277718 5.96301 19.3903
-3.27509 0.471969 147.527
5.17594 3.59401 19.9144
2.16239 3.25983 4.65453
2.23746 2.96182 4.07768
-3.07962 11.8368 0.500309
8.6491 5.22279 14.196
6.89352 2.93023 20.9756
-1.50807 7.83349 11.3423
3.09717 0.835444 2.58137
4.35835 9.09467 64.0867
9.91348 2.05176 2.2724
0.31251 8.62178 28.7876
0.555589 13.2664 83.9424
-0.182348 7.96121 22.2208
2.09052 0.656911 11.8902
-0.305948 8.07291 21.6333
-0.13245 5.98727 19.569
8.72509 7.89712 38.0455
3.69457 2.44774 2.14758
1.9921 0.723289 12.9316
0.605487 0.731529 36.8365
9.53581 2.58049 0.457123
6.56438 8.29539 70.7232
0.43611 4.3672 19.6313
1.94769 7.28828 21.661
-4.08948 1.94235 166.368
8.15058 4.10764 13.4322
-2.48589 10.8933 2.4084
0.159612 1.0593 41.4758
-0.955992 10.197 22.0789
2.43477 3.07855 2.73356
-1.7626 6.50182 15.4855
2.94885 14.9968 158.497
6.85965 13.2408 163.964
2.72134 7.30659 23.1455
5.27345 1.2946 15.1181
0.695669 0.907773 33.7535
5.08484 5.43245 31.0091
6.30528 8.79254 78.7631
0.959349 8.23771 28.803
-0.440535 0.141911 62.0382
5.20203 10.7445 105.297
6.01596 14.8096 207.194
6.19129 1.50288 19.7254
-3.54381 8.6465 22.4718
-0.729392 8.29035 18.2844
3.6346 7.65038 34.3566
6.1803 4.18363 29.0719
0.918607 1.40034 26.3686
6.62847 2.22571 20.2439
-4.81185 3.74737 177.417
-1.90497 5.38209 23.8131
-1.17847 11.2265 23.7299
2.46361 11.0288 69.1996
3.1164 2.16849 0.416871
-4.43052 6.67486 86.7597
7.99219 6.96966 38.2485
-1.73467 6.14887 17.4375
5.31419 2.49031 17.1256
5.09171 2.95541 16.4795
0.685598 6.0596 18.6206
4.14823 10.0372 75.7008
1.04999 2.04169 20.6809
4.26405 2.64504 7.00984
7.94595 1.44292 9.12265
8.05033 8.54717 56.952
3.76141 2.52556 2.65227
-3.05902 12.2863 0.474219
0.831172 2.89178 19.9861
1.80715 7.71218 25.111
5.71841 11.016 115.977
-4.75875 0.503098 266.322
-1.47694 12.6868 27.3382
9.10459 9.89761 59.8599
4.56984 5.32853 23.8759
3.43318 6.34754 19.1984
-1.6953 10.6767 11.391
-4.70336 14.3289 13.9715
1.76046 13.7663 111.573
3.69732 2.00735 1.85867
-2.58202 8.71197 6.96409
4.11161 11.9942 111.781
2.82342 9.24116 45.8362
3.76278 4.90097 11.5587
1.79159 9.45265 42.5821
-3.77956 4.92019 82.2206
4.54878 7.7694 48.581
-3.58135 4.14014 86.2586
6.64998 4.5526 30.684
4.68978 4.82589 21.6759
-0.974303 11.3446 28.8728
-4.09772 1.37013 181.906
