1 272.059
2 12.344
3 36.0111
4 19.703
5 19.6724
6 208.657
7 37.5043
8 19.3903
9 147.527
10 19.9144
11 4.65453
12 4.07768
13 0.500309
14 14.196
15 20.9756
16 11.3423
17 2.58137
18 64.0867
19 2.2724
20 28.7876
21 83.9424
22 22.2208
23 11.8902
24 21.6333
25 19.569
26 38.0455
27 2.14758
28 12.9316
29 36.8365
30 0.457123
31 70.7232
32 19.6313
33 21.661
34 166.368
35 13.4322
36 2.4084
37 41.4758
38 22.0789
39 2.73356
40 15.4855
41 158.497
42 163.964
43 23.1455
44 15.1181
45 33.7535
46 31.0091
47 78.7631
48 28.803
49 62.0382
50 105.297
51 207.194
52 19.7254
53 22.4718
54 18.2844
55 34.3566
56 29.0719
57 26.3686
58 20.2439
59 177.417
60 23.8131
61 23.7299
62 69.1996
63 0.416871
64 86.7597
65 38.2485
66 17.4375
67 17.1256
68 16.4795
69 18.6206
70 75.7008
71 20.6809
72 7.00984
73 9.12265
74 56.952
75 2.65227
76 0.474219
77 19.9861
78 25.111
79 115.977
80 266.322
81 27.3382
82 59.8599
83 23.8759
84 19.1984
85 11.391
86 13.9715
87 111.573
88 1.85867
89 6.96409
90 111.781
91 45.8362
92 11.5587
93 42.5821
94 82.2206
95 48.581
96 86.2586
97 30.684
98 21.6759
99 28.8728
100 181.906
