-4.82696 5.23743 142.311
0.189367 6.70782 20.4396
-4.89608 12.3421 32.429
-2.99493 10.4195 2.76854
5.85803 6.31962 45.8893
5.63829 14.9606 208.872
-0.502335 7.85684 19.466
-4.08719 7.70989 52.7262
0.830256 4.20972 16.7897
8.52779 1.6686 4.03225
8.06497 1.60588 7.99055
-0.269784 0.805689 50.9865
8.65963 2.08563 3.10676
2.66594 5.39079 8.83837
-4.80911 10.2565 51.6972
3.98709 1.53584 3.65999
-1.39454 2.92886 42.3958
6.82302 6.66982 48.6517
-1.32267 12.1032 26.5867
8.69762 10.1508 70.4085
-0.963317 14.2708 59.275
5.49364 0.752129 16.9241
6.59551 1.50609 19.2847
5.05829 10.2263 93.7426
7.72347 2.31407 12.06
-3.46599 4.67483 71.3473
-3.98282 7.6989 48.3449
9.02539 2.93893 1.76232
9.00388 5.4297 12.0394
-4.32615 13.731 8.85403
3.62178 2.96823 2.56111
6.76031 5.72176 39.4802
7.82922 2.02567 10.56
-2.09861 12.3106 10.9315
3.17408 0.21836 4.52971
6.95715 0.287027 18.3003
5.68041 12.7958 154.053
0.726341 9.11298 34.8256
9.88189 9.90081 50.5692
5.03815 10.0327 90.0215
8.36161 2.33879 5.71002
-0.682699 6.73986 17.6156
6.62572 6.32237 46.0459
9.23276 6.81677 20.8151
5.66851 0.154729 18.7942
-1.48793 10.658 14.8102
7.06381 8.33201 67.6367
8.52229 7.11158 32.0618
-2.06977 6.0184 20.0676
-3.29524 2.53929 102.683
0.613727 4.37773 18.3316
2.46635 12.5307 96.0188
9.42915 9.72091 52.8477
1.60894 12.9766 94.3274
4.30708 6.93945 35.351
2.90307 4.73022 5.78572
-1.30985 5.19532 22.1557
2.89117 8.57143 37.8225
-3.48109 11.3382 4.07022
7.51976 9.68795 82.8898
-4.34629 14.0103 8.37816
6.68661 13.4024 169.347
2.57622 8.9198 39.8696
5.30686 6.3535 42.0183
0.714896 13.2408 86.3493
-3.01782 14.8608 8.77326
2.23563 9.61379 46.6679
-1.12262 9.67833 17.1496
5.64333 7.71584 61.0427
3.8818 13.8697 149.35
4.03928 13.867 152.56
-1.33 13.0151 34.097
1.37455 6.63961 18.5452
8.73928 9.46959 58.9988
1.54622 8.95047 36.2715
4.02188 14.897 178.346
2.67922 9.58586 49.3294
1.17267 7.78726 25.805
6.43803 4.64599 32.0044
1.11591 10.1901 47.9202
-0.292673 1.86911 40.4253
7.95145 10.3719 87.5516
8.49757 3.30241 6.48343
7.80908 5.62014 27.8264
1.40202 4.29395 11.6866
3.755 11.9132 103.512
-2.53395 9.27 4.65241
0.327158 14.675 103.399
5.7976 12.2712 142.953
3.81268 7.32902 32.9416
1.77419 2.70867 8.82472
6.84317 1.88009 18.6565
2.18345 4.31776 5.86362
8.41517 8.23084 46.8256
9.14487 12.772 111.505
7.92261 1.45619 9.34345
5.14985 4.9266 27.7337
9.29777 8.7637 41.3552
9.07575 5.16556 9.79324
3.85067 5.34043 15.3395
